cluster 0:
History (global averaged train metrics):
	MSE: [0.1689137394229571, 0.036186545539428204, 0.031010263909896214, 0.029321262466849064, 0.028695738892637046, 0.028518117708610555, 0.028411960631024604, 0.028316220962533764, 0.02823325644667242, 0.02815855093592522, 0.028090832280177697]
	RMSE: [0.4079036014339977, 0.1892375930149956, 0.1750812357595652, 0.1702021366031567, 0.16834384090201576, 0.16780211549867655, 0.16747641977638994, 0.16717997181129796, 0.16692402807658996, 0.16669365668276312, 0.16648501607692404]
	MAE: [0.3031758996201496, 0.14900226642688116, 0.13310511074229783, 0.1275209575599315, 0.12514894046619826, 0.1242720096134672, 0.12371705414033403, 0.12319539735714595, 0.12277077094596975, 0.1224190873258254, 0.12210683992096022]
	R^2: [-0.9207740858489392, 0.5843571214114919, 0.6439008958199445, 0.6634260182287178, 0.6707217225841448, 0.6728531975372165, 0.6741468158422732, 0.6753430401577669, 0.6763670140621709, 0.6772866015340767, 0.6781163192262837]
	NRMSE: [1.3650030743923234, 0.550822621815405, 0.4950662358769223, 0.47770705087149795, 0.4724640496235379, 0.4715465000802237, 0.4710143257136601, 0.47042776156375726, 0.46991997936320545, 0.46946218427550523, 0.4690226307561409]
	SSE: [3537.561875287224, 757.8549110562194, 649.4480890012255, 614.075465183632, 600.9749594295727, 597.2551251579733, 595.0318777046951, 593.0267693014706, 591.2892653521369, 589.7247021245022, 588.3065359078201]
	SST: [1826.961473651961, 1826.961473651961, 1826.961473651961, 1826.961473651961, 1826.961473651961, 1826.961473651961, 1826.961473651961, 1826.961473651961, 1826.961473651961, 1826.961473651961, 1826.961473651961]

cluster 2:
History (global averaged train metrics):
	MSE: [0.14920816849917173, 0.031360238790512085, 0.02658253163099289, 0.024998215259984136, 0.024213031167164445, 0.023855446837842464, 0.023694680770859122, 0.023585504619404674, 0.023498663678765297, 0.023732253117486835, 0.023507705656811595]
	RMSE: [0.3727289388346938, 0.17525701250089337, 0.16125387942489905, 0.15636110661665759, 0.15386914723400133, 0.1527029071972437, 0.152158351666766, 0.15178254459742405, 0.15149404698022045, 0.15233072682366255, 0.151565642019066]
	MAE: [0.2738798223435879, 0.13672572746872902, 0.12047781050205231, 0.11505140922963619, 0.11215214058756828, 0.11061921529471874, 0.1096157655119896, 0.10885414481163025, 0.10869238339364529, 0.11008674465119839, 0.1088160052895546]
	R^2: [-0.7958449721336365, 0.5883947759866714, 0.6520933657884598, 0.6728835999965668, 0.6832856833934784, 0.6881805956363678, 0.690515786409378, 0.692146360874176, 0.6933561265468597, 0.6895398199558258, 0.6928071677684784]
	NRMSE: [1.4422936994018671, 0.6365140856955988, 0.570200806291828, 0.5463376825190497, 0.5341252145991789, 0.5293968057271706, 0.527040689390127, 0.5254627237997979, 0.5245049976827899, 0.5294799554351891, 0.5250649480361648]
	SSE: [3124.8673706054688, 656.7777862548828, 556.7182312011719, 523.5376815795898, 507.0938720703125, 499.6050033569336, 496.2380599975586, 493.95147705078125, 492.13267517089844, 497.0247344970703, 492.3220748901367]
	SST: [1632.8197784423828, 1632.8197784423828, 1632.8197784423828, 1632.8197784423828, 1632.8197784423828, 1632.8197784423828, 1632.8197784423828, 1632.8197784423828, 1632.8197784423828, 1632.8197784423828, 1632.8197784423828]

cluster 3:
History (global averaged train metrics):
	MSE: [0.07309445742502868, 0.018935239940614575, 0.015918737937848405, 0.014899517287058659, 0.014433313272448175, 0.014269613983681002, 0.014191425275577017, 0.014131792090031731, 0.014082495509034608, 0.01403828498451002, 0.013998424307817958]
	RMSE: [0.2680121841810365, 0.13678780588247774, 0.12537067601659668, 0.12127766408723967, 0.1193494675311971, 0.11865895163470261, 0.11832459698985462, 0.11806617606020854, 0.11785228397088068, 0.11766029950611537, 0.11748764478495582]
	MAE: [0.1892553973661001, 0.10162938973936901, 0.0901105760103203, 0.08614028363944999, 0.08401526368234262, 0.08302138549873078, 0.08240025322810113, 0.08186955779672143, 0.08146319660057584, 0.08113072943165008, 0.08085161426746512]
	R^2: [-0.5245850218007289, 0.5827020817543881, 0.6491318932804928, 0.6715454589798155, 0.6817973961393197, 0.6854347475021484, 0.687356998720967, 0.6889397494821434, 0.6902089757748334, 0.6913383502765481, 0.6923318647174721]
	NRMSE: [1.5194824665426936, 0.7539528465705125, 0.668595799919178, 0.6385829327796422, 0.6266318120357145, 0.6238996180386962, 0.6224504019078041, 0.6207951860222081, 0.6195545683269176, 0.618579310794012, 0.6177194125235846]
	SSE: [1530.8178806988842, 396.5609181316725, 333.386282385108, 312.0407656483441, 302.27703869580273, 298.8486780417393, 297.2111682663876, 295.9622645283125, 294.92988154802663, 294.0039276487799, 293.16916787196914]
	SST: [1006.3470117637361, 1006.3470117637361, 1006.3470117637361, 1006.3470117637361, 1006.3470117637361, 1006.3470117637361, 1006.3470117637361, 1006.3470117637361, 1006.3470117637361, 1006.3470117637361, 1006.3470117637361]

cluster 4:
HHistory (global averaged train metrics):
	MSE: [0.053272648126279055, 0.02084215569898094, 0.0157443313050623, 0.01430351038978092, 0.013596249876029202, 0.01326342625083941, 0.013035355187878994, 0.012922350236055391, 0.012838273607868407, 0.012790614809522307, 0.012741964916992737]
	RMSE: [0.21965586795466002, 0.13827436621435937, 0.11975544226878175, 0.11419097753200551, 0.11134392595725369, 0.1098609446423007, 0.10883586358527757, 0.10825958194688963, 0.10781429600772466, 0.10750541900569287, 0.10720333094677861]
	MAE: [0.15626368034434945, 0.09729387802316954, 0.08050138978777747, 0.07583774366465054, 0.07330435048788786, 0.071523379436449, 0.07020960027646077, 0.06925102997277129, 0.06848387787804792, 0.06784406622969791, 0.06727326323131197]
	R^2: [-3.3838971600328622, -0.8963994217154226, -0.16480115639339937, -0.02369759133771846, 0.04850946915777106, 0.10511224256142189, 0.14253027825371214, 0.17307907852687335, 0.19712354615330696, 0.21942070111828416, 0.238877882984908]
	NRMSE: [np.float32(inf), np.float32(inf), np.float32(inf), np.float32(inf), np.float32(inf), np.float32(inf), np.float32(inf), np.float32(inf), np.float32(inf), np.float32(inf), np.float32(inf)]
	SSE: [np.float32(1115.69), np.float32(436.49756), np.float32(329.73373), np.float32(299.5587), np.float32(284.7465), np.float32(277.77618), np.float32(272.99966), np.float32(270.633), np.float32(268.87222), np.float32(267.87405), np.float32(266.85522)]
	SST: [np.float32(734.12366), np.float32(734.12366), np.float32(734.12366), np.float32(734.12366), np.float32(734.12366), np.float32(734.12366), np.float32(734.12366), np.float32(734.12366), np.float32(734.12366), np.float32(734.12366), np.float32(734.12366)]

cluster 5:
History (global averaged train metrics):
	MSE: [0.09472118193904559, 0.022564795178671677, 0.019296059074501198, 0.018012474291026592, 0.017461682359377544, 0.0172967331794401, 0.017211926635354757, 0.017158602209140856, 0.017101355983565252, 0.017046385444700718, 0.016992021662493546]
	RMSE: [0.3073760602883176, 0.15007658667864293, 0.13876954982405196, 0.13404886955990766, 0.13196784011988058, 0.1313374915749172, 0.13101006160670198, 0.13080837139365253, 0.13058883406495445, 0.13037382589713625, 0.13015957773546794]
	MAE: [0.21555292358001074, 0.10894832635919253, 0.0978327455619971, 0.09303243954976399, 0.09072866290807724, 0.08990608900785446, 0.08935581892728806, 0.0891838235159715, 0.08896840984622638, 0.08865444362163544, 0.08831930533051491]
	R^2: [-0.6420970956484476, 0.6081851323445638, 0.6649796565373739, 0.6875129540761312, 0.6971906920274099, 0.700093020995458, 0.701604574918747, 0.7025198638439178, 0.7035270035266876, 0.7045205136140188, 0.7055061161518097]
	NRMSE: [1.6376152848183898, 0.6699665890328381, 0.606957300712532, 0.5766026870141603, 0.5670646459533535, 0.565680767852336, 0.5647710193940586, 0.5642297927491384, 0.5628309023053765, 0.5612011572879305, 0.5598363687725013]
	SSE: [1983.7462768554688, 472.57452392578125, 404.1175587972005, 377.2352803548177, 365.7004699707031, 362.2459462483724, 360.4695129394531, 359.3527526855469, 358.15381876627606, 357.0025329589844, 355.86424255371094]
	SST: [1210.0695393880208, 1210.0695393880208, 1210.0695393880208, 1210.0695393880208, 1210.0695393880208, 1210.0695393880208, 1210.0695393880208, 1210.0695393880208, 1210.0695393880208, 1210.0695393880208, 1210.0695393880208]

cluster 6:
History (global averaged train metrics):
	MSE: [0.06549326106905937, 0.020060944743454455, 0.015746189560741187, 0.014476119540631771, 0.013923010090366006, 0.013701971899718047, 0.013597572594881058, 0.01353931617923081, 0.01349191665649414, 0.013441219320520758, 0.013395158993080258]
	RMSE: [0.2507950589370469, 0.14004956975195054, 0.12399445805817937, 0.11876382383069223, 0.11643234573824288, 0.11545243499478407, 0.11496461870471536, 0.11469765046104982, 0.11447121523403324, 0.1142325881642315, 0.11400873020619783]
	MAE: [0.17679465636610986, 0.10254279896616936, 0.0888299785554409, 0.08357010670006275, 0.08119905218482018, 0.07985617965459824, 0.07903866544365883, 0.0785871248692274, 0.07808453179895877, 0.07771100923418998, 0.07734398767352105]
	R^2: [-0.5569312185049057, 0.4895762026309967, 0.6033659994602203, 0.6389977335929871, 0.6539491504430771, 0.660780343413353, 0.6645125716924667, 0.6663924485445023, 0.668083843588829, 0.6698240041732788, 0.6715275198221207]
	NRMSE: [1.8374969618837245, 1.0590087614665393, 0.8964569835225707, 0.8275343930258133, 0.8010322349023432, 0.7851000783360151, 0.7757236375369807, 0.7712496249945702, 0.7664424984464795, 0.763000993276061, 0.7592964443552747]
	SSE: [1371.625540161133, 420.1365905761719, 329.7727386474609, 303.1734252929688, 291.58968353271484, 286.9607360839844, 284.7741386413574, 283.55406188964844, 282.5613723754883, 281.4995262145996, 280.5350402832031]
	SST: [888.1441818237305, 888.1441818237305, 888.1441818237305, 888.1441818237305, 888.1441818237305, 888.1441818237305, 888.1441818237305, 888.1441818237305, 888.1441818237305, 888.1441818237305, 888.1441818237305]